#latitude(⁰),longitude(⁰),elevation(m),natural water table depth with respect to elevation (m),artificial water table depth with respect to elevation (m), multiplier to surface run-off/on, multiplier to sub-surface discharge/recharge
49.655,-112.875,866.5361182,-5.8,0,1,1
49.655,-112.865,891.5679364,-6.2,0,1,1
49.655,-112.855,861.1020434,-4.5,0,1,1
49.655,-112.845,824.8860404,-5.8,0,1,1
49.655,-112.835,841.0866099,-6.6,0,1,1
49.655,-112.825,893.3888023,-5.8,0,1,1
49.655,-112.815,876.815645,-5,0,1,1
49.655,-112.805,867.2007143,-4.2,0,1,1
49.655,-112.795,900.1416518,-6.2,0,1,1
49.655,-112.785,908.5358895,-5.7,0,1,1
49.665,-112.875,868.4864798,-6.5,0,1,1
49.665,-112.785,881.0579857,-6.4,0,1,1
49.675,-112.875,886.6100883,-7.6,0,1,1
49.675,-112.785,911.6817905,-7,0,1,1
49.685,-112.875,863.2166865,-4.3,0,1,1
49.685,-112.785,878.1923086,-7.3,0,1,1
49.695,-112.875,870.1658417,-4.9,0,1,1
49.695,-112.785,890.4410675,-4.1,0,1,1
49.705,-112.875,893.9598347,-7.8,0,1,1
49.705,-112.785,864.1812434,-5.9,0,1,1
49.715,-112.875,890.1898147,-6.3,0,1,1
49.715,-112.785,899.9347171,-6.5,0,1,1
49.725,-112.875,887.4086893,-5,0,1,1
49.725,-112.785,827.6249528,-7.8,0,1,1
49.735,-112.875,878.3475673,-6.3,0,1,1
49.735,-112.785,874.4278145,-5.7,0,1,1
49.745,-112.875,888.6781543,-7.8,0,1,1
49.745,-112.865,853.1872826,-6.1,0,1,1
49.745,-112.855,835.7248206,-4.8,0,1,1
49.745,-112.845,881.7070313,-6.5,0,1,1
49.745,-112.835,911.0923785,-6.5,0,1,1
49.745,-112.825,908.1771378,-4.4,0,1,1
49.745,-112.815,874.2214472,-6.1,0,1,1
49.745,-112.805,864.2079448,-5.7,0,1,1
49.745,-112.795,836.1774179,-7.4,0,1,1
49.745,-112.785,869.5917029,-4.6,0,1,1
