#latitude (⁰), longitude (⁰), option id, weather id, till id, fert id, irrig id, plant id, plant mgmt id, hourly C output id, hourly wtr output id, hourly N output id, hourly P output id, hourly energy/heat output id, daily C output id, daily wtr output id, daily N output id, daily P output id, daily energy/heat output id
49.665,-112.865,1,3,0,0,0,1,1,-1,-1,0,0,-1,-1,-1,-1,-1,-1
49.665,-112.855,1,3,0,0,0,1,1,-1,-1,0,0,-1,-1,-1,-1,-1,-1
49.665,-112.845,1,3,0,0,0,1,1,-1,-1,0,0,-1,-1,-1,-1,-1,-1
49.665,-112.835,1,3,0,0,0,1,1,-1,-1,0,0,-1,-1,-1,-1,-1,-1
49.665,-112.825,1,3,0,0,0,1,1,-1,-1,0,0,-1,-1,-1,-1,-1,-1
49.665,-112.815,1,3,0,0,0,1,1,-1,-1,0,0,-1,-1,-1,-1,-1,-1
49.665,-112.805,1,3,0,0,0,1,1,-1,-1,0,0,-1,-1,-1,-1,-1,-1
49.665,-112.795,1,3,0,0,0,1,1,-1,-1,0,0,-1,-1,-1,-1,-1,-1
49.675,-112.865,1,3,0,0,0,1,1,-1,-1,0,0,-1,-1,-1,-1,-1,-1
49.675,-112.855,1,3,0,0,0,1,1,-1,-1,0,0,-1,-1,-1,-1,-1,-1
49.675,-112.845,1,3,0,0,0,1,1,-1,-1,0,0,-1,-1,-1,-1,-1,-1
49.675,-112.835,1,3,0,0,0,1,1,-1,-1,0,0,-1,-1,-1,-1,-1,-1
49.675,-112.825,1,3,0,0,0,1,1,-1,-1,0,0,-1,-1,-1,-1,-1,-1
49.675,-112.815,1,3,0,0,0,1,1,-1,-1,0,0,-1,-1,-1,-1,-1,-1
49.675,-112.805,1,3,0,0,0,1,1,-1,-1,0,0,-1,-1,-1,-1,-1,-1
49.675,-112.795,1,3,0,0,0,1,1,-1,-1,0,0,-1,-1,-1,-1,-1,-1
49.685,-112.865,1,3,0,0,0,1,1,-1,-1,0,0,-1,-1,-1,-1,-1,-1
49.685,-112.855,1,3,0,0,0,1,1,-1,-1,0,0,-1,-1,-1,-1,-1,-1
49.685,-112.845,1,3,0,0,0,1,1,-1,-1,0,0,-1,-1,-1,-1,-1,-1
49.685,-112.835,1,3,0,0,0,1,1,-1,-1,0,0,-1,-1,-1,-1,-1,-1
49.685,-112.825,1,3,0,0,0,1,1,-1,-1,0,0,-1,-1,-1,-1,-1,-1
49.685,-112.815,1,3,0,0,0,1,1,-1,-1,0,0,-1,-1,-1,-1,-1,-1
49.685,-112.805,1,3,0,0,0,1,1,-1,-1,0,0,-1,-1,-1,-1,-1,-1
49.685,-112.795,1,3,0,0,0,1,1,-1,-1,0,0,-1,-1,-1,-1,-1,-1
49.695,-112.865,1,3,0,0,0,1,1,-1,-1,0,0,-1,-1,-1,-1,-1,-1
49.695,-112.855,1,3,0,0,0,1,1,-1,-1,0,0,-1,-1,-1,-1,-1,-1
49.695,-112.845,1,3,0,0,0,1,1,-1,-1,0,0,-1,-1,-1,-1,-1,-1
49.695,-112.835,1,3,0,0,0,1,1,-1,-1,0,0,-1,-1,-1,-1,-1,-1
49.695,-112.825,1,3,0,0,0,1,1,-1,-1,0,0,-1,-1,-1,-1,-1,-1
49.695,-112.815,1,3,0,0,0,1,1,-1,-1,0,0,-1,-1,-1,-1,-1,-1
49.695,-112.805,1,3,0,0,0,1,1,-1,-1,0,0,-1,-1,-1,-1,-1,-1
49.695,-112.795,1,3,0,0,0,1,1,-1,-1,0,0,-1,-1,-1,-1,-1,-1
49.705,-112.865,1,3,0,0,0,1,1,-1,-1,0,0,-1,-1,-1,-1,-1,-1
49.705,-112.855,1,3,0,0,0,1,1,-1,-1,0,0,-1,-1,-1,-1,-1,-1
49.705,-112.845,1,3,0,0,0,1,1,-1,-1,0,0,-1,-1,-1,-1,-1,-1
49.705,-112.835,1,3,0,0,0,1,1,-1,-1,0,0,-1,-1,-1,-1,-1,-1
49.705,-112.825,1,3,0,0,0,1,1,-1,-1,0,0,-1,-1,-1,-1,-1,-1
49.705,-112.815,1,3,0,0,0,1,1,-1,-1,0,0,-1,-1,-1,-1,-1,-1
49.705,-112.805,1,3,0,0,0,1,1,-1,-1,0,0,-1,-1,-1,-1,-1,-1
49.705,-112.795,1,3,0,0,0,1,1,-1,-1,0,0,-1,-1,-1,-1,-1,-1
49.715,-112.865,1,3,0,0,0,1,1,-1,-1,0,0,-1,-1,-1,-1,-1,-1
49.715,-112.855,1,3,0,0,0,1,1,-1,-1,0,0,-1,-1,-1,-1,-1,-1
49.715,-112.845,1,3,0,0,0,1,1,-1,-1,0,0,-1,-1,-1,-1,-1,-1
49.715,-112.835,1,3,0,0,0,1,1,-1,-1,0,0,-1,-1,-1,-1,-1,-1
49.715,-112.825,1,3,0,0,0,1,1,-1,-1,0,0,-1,-1,-1,-1,-1,-1
49.715,-112.815,1,3,0,0,0,1,1,-1,-1,0,0,-1,-1,-1,-1,-1,-1
49.715,-112.805,1,3,0,0,0,1,1,-1,-1,0,0,-1,-1,-1,-1,-1,-1
49.715,-112.795,1,3,0,0,0,1,1,-1,-1,0,0,-1,-1,-1,-1,-1,-1
49.725,-112.865,1,3,0,0,0,1,1,-1,-1,0,0,-1,-1,-1,-1,-1,-1
49.725,-112.855,1,3,0,0,0,1,1,-1,-1,0,0,-1,-1,-1,-1,-1,-1
49.725,-112.845,1,3,0,0,0,1,1,-1,-1,0,0,-1,-1,-1,-1,-1,-1
49.725,-112.835,1,3,0,0,0,1,1,-1,-1,0,0,-1,-1,-1,-1,-1,-1
49.725,-112.825,1,3,0,0,0,1,1,-1,-1,0,0,-1,-1,-1,-1,-1,-1
49.725,-112.815,1,3,0,0,0,1,1,-1,-1,0,0,-1,-1,-1,-1,-1,-1
49.725,-112.805,1,3,0,0,0,1,1,-1,-1,0,0,-1,-1,-1,-1,-1,-1
49.725,-112.795,1,3,0,0,0,1,1,-1,-1,0,0,-1,-1,-1,-1,-1,-1
49.735,-112.865,1,3,0,0,0,1,1,-1,-1,0,0,-1,-1,-1,-1,-1,-1
49.735,-112.855,1,3,0,0,0,1,1,-1,-1,0,0,-1,-1,-1,-1,-1,-1
49.735,-112.845,1,3,0,0,0,1,1,-1,-1,0,0,-1,-1,-1,-1,-1,-1
49.735,-112.835,1,3,0,0,0,1,1,-1,-1,0,0,-1,-1,-1,-1,-1,-1
49.735,-112.825,1,3,0,0,0,1,1,-1,-1,0,0,-1,-1,-1,-1,-1,-1
49.735,-112.815,1,3,0,0,0,1,1,-1,-1,0,0,-1,-1,-1,-1,-1,-1
49.735,-112.805,1,3,0,0,0,1,1,-1,-1,0,0,-1,-1,-1,-1,-1,-1
49.735,-112.795,1,3,0,0,0,1,1,-1,-1,0,0,-1,-1,-1,-1,-1,-1
