0101,3112
6,0,12
7,0.25,0.3,0.05,0,0,0,0,0,0,0,0
60,5,1,1,500,0
1.0,0.0,0.0,1.0,1.00,1.0,1.0,1.00,1.0,1.0
1.0,0.0,0.0,1.0,1.00,1.0,1.0,1.00,1.0,1.0
1.0,0.0,0.0,1.0,1.00,1.0,1.0,1.00,1.0,1.0
1.0,0.0,0.0,1.0,1.00,1.0,1.0,1.00,1.0,1.0
1.0,0.0,0.0,1.0,1.00,1.0,1.0,1.00,1.0,1.0
1.0,0.0,0.0,1.0,1.00,1.0,1.0,1.00,1.0,1.0
1.0,0.0,0.0,1.0,1.00,1.0,1.0,1.00,1.0,1.0
1.0,0.0,0.0,1.0,1.00,1.0,1.0,1.00,1.0,1.0
1.0,0.0,0.0,1.0,1.00,1.0,1.0,1.00,1.0,1.0
1.0,0.0,0.0,1.0,1.00,1.0,1.0,1.00,1.0,1.0
1.0,0.0,0.0,1.0,1.00,1.0,1.0,1.00,1.0,1.0
1.0,0.0,0.0,1.0,1.00,1.0,1.0,1.00,1.0,1.0
