#read site grids?(0=no 1=yes -1=skip),latitude (⁰), longitude (⁰), elevation(m), MAT (⁰C), site id, soil id
1,49.665,-112.865,897,11.6,1,1
1,49.665,-112.855,898.143,10.3,1,1
1,49.665,-112.845,899.286,15.5,1,1
1,49.665,-112.835,900.429,9.5,1,1
1,49.665,-112.825,901.571,10.5,1,1
1,49.665,-112.815,902.714,13.4,1,1
1,49.665,-112.805,903.857,14.1,1,1
1,49.665,-112.795,905,15.1,1,1
1,49.675,-112.865,898.714,12.5,1,1
1,49.675,-112.855,899.857,15.2,1,1
1,49.675,-112.845,901,14,1,1
1,49.675,-112.835,902.143,13.6,1,1
1,49.675,-112.825,903.286,9.4,1,1
1,49.675,-112.815,904.429,15.9,1,1
1,49.675,-112.805,905.571,11.4,1,1
1,49.675,-112.795,906.714,12.3,1,1
1,49.685,-112.865,900.429,11.8,1,1
1,49.685,-112.855,901.571,9.7,1,1
1,49.685,-112.845,902.714,12.9,1,1
1,49.685,-112.835,903.857,15.3,1,1
1,49.685,-112.825,905,14.6,1,1
1,49.685,-112.815,906.143,9.7,1,1
1,49.685,-112.805,907.286,14.9,1,1
1,49.685,-112.795,908.429,9.4,1,1
1,49.695,-112.865,902.143,10.6,1,1
1,49.695,-112.855,903.286,15.5,1,1
1,49.695,-112.845,904.429,15.8,1,1
1,49.695,-112.835,905.571,14.4,1,1
1,49.695,-112.825,906.714,15.2,1,1
1,49.695,-112.815,907.857,11.7,1,1
1,49.695,-112.805,909,14.5,1,1
1,49.695,-112.795,910.143,14.8,1,1
1,49.705,-112.865,903.857,9.1,1,1
1,49.705,-112.855,905,12.6,1,1
1,49.705,-112.845,906.143,10.7,1,1
1,49.705,-112.835,907.286,11.3,1,1
1,49.705,-112.825,908.429,12.7,1,1
1,49.705,-112.815,909.571,12.9,1,1
1,49.705,-112.805,910.714,13.9,1,1
1,49.705,-112.795,911.857,13.7,1,1
1,49.715,-112.865,905.571,15.2,1,1
1,49.715,-112.855,906.714,13.8,1,1
1,49.715,-112.845,907.857,11.2,1,1
1,49.715,-112.835,909,10,1,1
1,49.715,-112.825,910.143,14.2,1,1
1,49.715,-112.815,911.286,9.1,1,1
1,49.715,-112.805,912.429,11.8,1,1
1,49.715,-112.795,913.571,15.8,1,1
1,49.725,-112.865,907.286,10,1,1
1,49.725,-112.855,908.429,15.2,1,1
1,49.725,-112.845,909.571,10.6,1,1
1,49.725,-112.835,910.714,14.7,1,1
1,49.725,-112.825,911.857,13.3,1,1
1,49.725,-112.815,913,10.4,1,1
1,49.725,-112.805,914.143,13.4,1,1
1,49.725,-112.795,915.286,13.7,1,1
1,49.735,-112.865,909,15.5,1,1
1,49.735,-112.855,910.143,10.7,1,1
1,49.735,-112.845,911.286,14.6,1,1
1,49.735,-112.835,912.429,10.6,1,1
1,49.735,-112.825,913.571,9.9,1,1
1,49.735,-112.815,914.714,12.4,1,1
1,49.735,-112.805,915.857,9.5,1,1
1,49.735,-112.795,917,14.5,1,1
